Input bits: 00110001 00110010 00110011 00110100 00110101 00110110 00110111 00111000
Key bits: 00111011 00111000 10011000 00110111 00010101 00100000 11110111 01011110
CD[0]:  0100010 0110000 0001101 0111101 1100100 1110110 0010000 1111111
CD[1]:  1000100 1100000 0011010 1111010 1001001 1101100 0100001 1111111
KS[1]:  010111 000000 100001 001100 010101 011000 111101 001111
CD[2]:  0001001 1000000 0110101 1110101 0010011 1011000 1000011 1111111
KS[2]:  010100 010010 110111 110000 011001 001001 011111 001100
CD[3]:  0100110 0000001 1010111 1010100 1001110 1100010 0001111 1111100
KS[3]:  110101 001110 010010 000101 110110 001011 010011 101111
CD[4]:  0011000 0000110 1011110 1010001 0111011 0001000 0111111 1110010
KS[4]:  010100 111000 011100 000110 011011 101101 111010 101001
CD[5]:  1100000 0011010 1111010 1000100 1101100 0100001 1111111 1001001
KS[5]:  011010 001001 000010 100111 000110 100111 110101 111011
CD[6]:  0000000 1101011 1101010 0010011 0110001 0000111 1111110 0100111
KS[6]:  101100 011000 000001 101110 101011 111101 100100 110000
CD[7]:  0000011 0101111 0101000 1001100 1000100 0011111 1111001 0011101
KS[7]:  101000 000100 001010 110010 110000 010110 111101 110010
CD[8]:  0001101 0111101 0100010 0110000 0010000 1111111 1100100 1110110
KS[8]:  101101 000001 101100 110100 111111 011000 101000 011100
CD[9]:  0011010 1111010 1000100 1100000 0100001 1111111 1001001 1101100
KS[9]:  001000 101101 110101 000010 100100 111000 011001 111100
CD[10]:  1101011 1101010 0010011 0000000 0000111 1111110 0100111 0110001
KS[10]:  011010 000110 000101 010111 110110 011011 111110 000100
CD[11]:  0101111 0101000 1001100 0000011 0011111 1111001 0011101 1000100
KS[11]:  001001 011100 010100 011001 001110 000110 011010 111101
CD[12]:  0111101 0100010 0110000 0001101 1111111 1100100 1110110 0010000
KS[12]:  010001 110000 000110 110011 011110 110111 100010 000111
CD[13]:  1110101 0001001 1000000 0110101 1111111 0010011 1011000 1000011
KS[13]:  101111 111000 100010 010001 101001 100110 000110 111011
CD[14]:  1010100 0100110 0000001 1010111 1111100 1001110 1100010 0001111
KS[14]:  000111 110010 001010 001010 101001 110011 101101 000111
CD[15]:  1010001 0011000 0000110 1011110 1110010 0111011 0001000 0111111
KS[15]:  001110 100001 010010 011100 111101 101000 001111 110010
CD[16]:  0100010 0110000 0001101 0111101 1100100 1110110 0010000 1111111
KS[16]:  000100 010111 110010 000001 110101 111110 000101 001110
L[0]:  00000000 11111111 01111000 01010101
R[0]:  00000000 11111111 10000000 01100110
Round 1
E   :  000000 000001 011111 111111 110000 000000 001100 001100
KS  :  010111 000000 100001 001100 010101 011000 111101 001111
E xor KS:  010111 000001 111110 110011 100101 011000 110001 000011
Sbox:  1011 0011 0111 0100 1100 1110 1001 1111
P   : 01011111 10100111 01011010 00101111
L[i]: 00000000 11111111 10000000 01100110
R[i]: 01011111 01011000 00100010 01111010
Round 2
E   :  001011 111110 101011 110000 000100 000100 001111 110100
KS  :  010100 010010 110111 110000 011001 001001 011111 001100
E xor KS:  011111 101100 011100 000000 011101 001101 010000 111000
Sbox:  1000 1101 0010 0111 1000 1001 0011 1111
P   : 10011011 11001010 01111100 00110100
L[i]: 01011111 01011000 00100010 01111010
R[i]: 10011011 00110101 11111100 01010010
Round 3
E   :  010011 110110 100110 101011 111111 111000 001010 100101
KS  :  110101 001110 010010 000101 110110 001011 010011 101111
E xor KS:  100110 111000 110100 101110 001001 110011 011001 001010
Sbox:  1000 1001 0010 1101 0100 1110 0010 1111
P   : 10011000 10101110 01011100 01101100
L[i]: 10011011 00110101 11111100 01010010
R[i]: 11000111 11110110 01111110 00010110
Round 4
E   :  011000 001111 111110 101100 001111 111100 000010 101101
KS  :  010100 111000 011100 000110 011011 101101 111010 101001
E xor KS:  001100 110111 100010 101010 010100 010001 111000 000100
Sbox:  1011 1100 0110 1011 0011 0110 0000 1000
P   : 10101000 11101001 00000010 11011110
L[i]: 11000111 11110110 01111110 00010110
R[i]: 00110011 11011100 11111110 10001100
Round 5
E   :  000110 100111 111011 111001 011111 111101 010001 011000
KS  :  011010 001001 000010 100111 000110 100111 110101 111011
E xor KS:  011100 101110 111001 011110 011001 011010 100100 100011
Sbox:  0000 0001 1011 1111 0011 0111 1011 0001
P   : 10100110 01100000 01111101 11001101
L[i]: 00110011 11011100 11111110 10001100
R[i]: 01100001 10010110 00000011 11011011
Round 6
E   :  101100 000011 110010 101100 000000 000111 111011 110110
KS  :  101100 011000 000001 101110 101011 111101 100100 110000
E xor KS:  000000 011011 110011 000010 101011 111010 011111 000110
Sbox:  1110 1001 1111 1101 1110 1101 0110 0100
P   : 10010101 10011101 11110111 11101100
L[i]: 01100001 10010110 00000011 11011011
R[i]: 10100110 01000001 00001001 01100000
Round 7
E   :  010100 001100 001000 000010 100001 010010 101100 000001
KS  :  101000 000100 001010 110010 110000 010110 111101 110010
E xor KS:  111100 001000 000010 110000 010001 000100 010001 110011
Sbox:  0101 0110 0000 1111 0101 1010 1110 1100
P   : 11111000 01110100 10010100 01110011
L[i]: 10100110 01000001 00001001 01100000
R[i]: 10011001 11100010 10010111 10101000
Round 8
E   :  010011 110011 111100 000101 010010 101111 110101 010001
KS  :  101101 000001 101100 110100 111111 011000 101000 011100
E xor KS:  111110 110010 010000 110001 101101 110111 011101 001101
Sbox:  0000 1000 0001 1001 0010 0111 1000 0111
P   : 10000100 00101010 00101000 11101001
L[i]: 10011001 11100010 10010111 10101000
R[i]: 00100010 01101011 00100001 10001001
Round 9
E   :  100100 000100 001101 010110 100100 000011 110001 010010
KS  :  001000 101101 110101 000010 100100 111000 011001 111100
E xor KS:  101100 101001 111000 010100 000000 111011 101000 101110
Sbox:  0010 0011 0101 1000 0010 0000 1100 0010
P   : 01000100 00010011 01000010 11000001
L[i]: 00100010 01101011 00100001 10001001
R[i]: 11011101 11110001 11010101 01101001
Round 10
E   :  111011 111011 111110 100011 111010 101010 101101 010011
KS  :  011010 000110 000101 010111 110110 011011 111110 000100
E xor KS:  100001 111101 111011 110100 001100 110001 010011 010111
Sbox:  1111 1110 0101 0011 1011 1011 0011 1011
P   : 11111111 11101011 10101110 10010010
L[i]: 11011101 11110001 11010101 01101001
R[i]: 11011101 10000000 10001111 00011011
Round 11
E   :  111011 111011 110000 000001 010001 011110 100011 110111
KS  :  001001 011100 010100 011001 001110 000110 011010 111101
E xor KS:  110010 100111 100100 011000 011111 011000 111001 001010
Sbox:  1100 0001 0100 1011 0110 1110 1110 1111
P   : 10011000 11110111 11001100 11101001
L[i]: 11011101 10000000 10001111 00011011
R[i]: 01000101 00000110 00011001 10000000
Round 12
E   :  001000 001010 100000 001100 000011 110011 110000 000000
KS  :  010001 110000 000110 110011 011110 110111 100010 000111
E xor KS:  011001 111010 100110 111111 011101 000100 010010 000111
Sbox:  1001 0011 1001 1110 1000 1010 1100 1000
P   : 01011101 11110000 01010001 01000011
L[i]: 01000101 00000110 00011001 10000000
R[i]: 10000000 01110000 11011110 01011000
Round 13
E   :  010000 000000 001110 100001 011011 111100 001011 110001
KS  :  101111 111000 100010 010001 101001 100110 000110 111011
E xor KS:  111111 111000 101100 110000 110010 011010 001101 001010
Sbox:  1101 1001 0011 1111 1001 0111 0001 1111
P   : 10101111 11101010 11111000 01101110
L[i]: 10000000 01110000 11011110 01011000
R[i]: 11101010 11101100 11100001 11101110
Round 14
E   :  011101 010101 011101 011001 011100 000011 111101 011101
KS  :  000111 110010 001010 001010 101001 110011 101101 000111
E xor KS:  011010 100111 010111 010011 110101 110000 010000 011010
Sbox:  1001 0001 1110 0111 0000 0111 0011 0000
P   : 10000010 11100001 01110101 00001110
L[i]: 11101010 11101100 11100001 11101110
R[i]: 00000010 10010001 10101011 01010110
Round 15
E   :  000000 000101 010010 100011 110101 010110 101010 101100
KS  :  001110 100001 010010 011100 111101 101000 001111 110010
E xor KS:  001110 100100 000000 111111 001000 111110 100101 011110
Sbox:  1000 0111 1010 1110 0111 0110 1101 0111
P   : 01100010 11110110 01011001 11111101
L[i]: 00000010 10010001 10101011 01010110
R[i]: 10001000 00011010 10111000 00010011
Round 16
E   :  110001 010000 000011 110101 010111 110000 000010 100111
KS  :  000100 010111 110010 000001 110101 111110 000101 001110
E xor KS:  110101 000111 110001 110100 100010 001110 000111 101001
Sbox:  0011 0111 0100 0011 0010 1000 0111 0100
P   : 11010010 01010001 01000110 10110010
L[i]: 10001000 00011010 10111000 00010011
R[i]: 11010000 11000000 11101101 11100100
LR[16]  11010000 11000000 11101101 11100100 10001000 00011010 10111000 00010011
Output  00000110 00100010 00000101 10101100 01101010 00001101 01010101 11011101
